Confusion matrix: 
64.0  0.0   0.0   0.0   2.0   0.0   0.0   0.0   0.0   1.0   0.0   0.0   0.0   0.0   0.0  0.0   0.0  2.0   0.0  0.0   0.0   0.0   0.0   
1.0   24.0  1.0   2.0   0.0   0.0   0.0   0.0   0.0   0.0   0.0   0.0   0.0   0.0   1.0  4.0   0.0  0.0   1.0  0.0   0.0   0.0   0.0   
0.0   0.0   45.0  2.0   0.0   0.0   0.0   0.0   1.0   0.0   0.0   0.0   0.0   1.0   0.0  5.0   0.0  1.0   0.0  0.0   0.0   0.0   0.0   
0.0   0.0   1.0   71.0  0.0   0.0   0.0   0.0   0.0   1.0   0.0   0.0   0.0   1.0   0.0  5.0   0.0  0.0   0.0  0.0   2.0   1.0   2.0   
2.0   0.0   0.0   0.0   69.0  0.0   0.0   0.0   0.0   0.0   0.0   1.0   0.0   0.0   0.0  0.0   0.0  1.0   0.0  0.0   0.0   0.0   0.0   
0.0   0.0   0.0   0.0   0.0   70.0  0.0   0.0   0.0   0.0   0.0   1.0   0.0   0.0   0.0  0.0   0.0  0.0   0.0  0.0   0.0   0.0   0.0   
0.0   1.0   0.0   2.0   0.0   0.0   52.0  0.0   0.0   0.0   0.0   0.0   0.0   0.0   0.0  5.0   0.0  0.0   0.0  0.0   1.0   1.0   0.0   
1.0   0.0   0.0   0.0   0.0   0.0   0.0   80.0  1.0   0.0   0.0   2.0   0.0   0.0   0.0  0.0   0.0  1.0   0.0  0.0   1.0   0.0   0.0   
0.0   0.0   0.0   1.0   0.0   0.0   0.0   0.0   48.0  0.0   0.0   0.0   0.0   0.0   0.0  0.0   0.0  0.0   0.0  0.0   0.0   0.0   0.0   
0.0   1.0   0.0   0.0   0.0   0.0   0.0   0.0   0.0   71.0  0.0   1.0   0.0   0.0   0.0  2.0   0.0  4.0   0.0  0.0   0.0   0.0   0.0   
0.0   0.0   0.0   0.0   1.0   0.0   0.0   0.0   0.0   1.0   64.0  0.0   0.0   0.0   0.0  0.0   0.0  4.0   0.0  0.0   0.0   0.0   0.0   
0.0   0.0   0.0   0.0   0.0   2.0   0.0   0.0   0.0   0.0   0.0   56.0  0.0   0.0   1.0  0.0   0.0  3.0   0.0  0.0   0.0   0.0   0.0   
1.0   0.0   0.0   0.0   0.0   0.0   0.0   0.0   0.0   0.0   0.0   0.0   38.0  0.0   0.0  0.0   0.0  0.0   0.0  0.0   0.0   0.0   0.0   
0.0   0.0   0.0   0.0   0.0   0.0   1.0   0.0   0.0   0.0   0.0   1.0   0.0   68.0  0.0  3.0   0.0  0.0   2.0  0.0   0.0   0.0   0.0   
1.0   0.0   0.0   0.0   0.0   0.0   0.0   0.0   0.0   0.0   0.0   0.0   0.0   0.0   7.0  0.0   0.0  1.0   0.0  0.0   0.0   0.0   0.0   
0.0   1.0   3.0   4.0   0.0   0.0   1.0   0.0   0.0   0.0   0.0   0.0   0.0   4.0   0.0  60.0  0.0  0.0   2.0  0.0   0.0   1.0   1.0   
0.0   0.0   0.0   1.0   0.0   0.0   0.0   0.0   0.0   0.0   0.0   0.0   0.0   0.0   0.0  0.0   0.0  3.0   0.0  0.0   0.0   0.0   0.0   
5.0   0.0   0.0   0.0   0.0   0.0   0.0   1.0   0.0   1.0   0.0   0.0   0.0   0.0   1.0  0.0   0.0  52.0  0.0  0.0   0.0   0.0   0.0   
0.0   0.0   0.0   0.0   0.0   0.0   0.0   0.0   0.0   0.0   0.0   0.0   0.0   0.0   0.0  0.0   0.0  1.0   5.0  0.0   0.0   0.0   0.0   
0.0   0.0   0.0   0.0   0.0   0.0   0.0   0.0   0.0   0.0   0.0   0.0   0.0   0.0   0.0  0.0   0.0  0.0   0.0  76.0  0.0   0.0   0.0   
1.0   0.0   0.0   0.0   0.0   0.0   2.0   2.0   1.0   2.0   0.0   2.0   0.0   1.0   0.0  0.0   0.0  2.0   0.0  0.0   71.0  0.0   0.0   
0.0   0.0   3.0   1.0   0.0   0.0   0.0   0.0   0.0   0.0   0.0   0.0   0.0   0.0   0.0  2.0   0.0  0.0   0.0  0.0   0.0   29.0  0.0   
0.0   0.0   1.0   0.0   0.0   0.0   0.0   0.0   0.0   3.0   0.0   0.0   0.0   0.0   0.0  0.0   0.0  0.0   0.0  0.0   0.0   0.0   50.0  
Accuracy = 0.8910891089108911
Class		Precision	Recall	F1
Class  0		.842		.928		.883
Class  1		.889		.706		.787
Class  2		.833		.818		.826
Class  3		.845		.845		.845
Class  4		.958		.945		.952
Class  5		.972		.986		.979
Class  6		.929		.839		.881
Class  7		.964		.93		.947
Class  8		.941		.98		.96
Class  9		.887		.899		.893
Class  10		1		.914		.955
Class  11		.875		.903		.889
Class  12		1		.974		.987
Class  13		.907		.907		.907
Class  14		.7		.778		.737
Class  15		.698		.779		.736
Class  16		0		0		0
Class  17		.693		.867		.77
Class  18		.5		.833		.625
Class  19		1		1		1
Class  20		.947		.845		.893
Class  21		.906		.829		.866
Class  22		.943		.926		.935